32.793357907437034
19 81

33.74813751741925
50 50

33.333589743119234
48 52

30.879874674799943
83 17

31.36017415815085
62 38

33.59501348231759
73 27

33.688597868043885
91 9

33.74892018364814
13 87

34.77287004436098
26 74

33.64201148475489
22 78

33.534888022143925
13 87

33.14220802671583
97 3

21.480755807436346
97 3

33.40930440909702
39 61

21.532946976014088
85 15

31.559764903226394
59 41

33.62866240005567
16 84

21.182421023905388
43 57

23.00640872009759
8 92

32.87641803817563
19 81

Average: 30.845816269545985
