36.557576339128765
18 82

36.43984957221518
23 77

39.69057075655205
51 49

35.1668695169274
17 83

35.42476763929359
43 57

25.88641894079169
55 45

37.51977930091451
12 88

36.56756449118073
55 45

38.249340455657844
38 62

23.65692312999519
78 22

37.13462371576326
19 81

35.92398802821141
9 91

36.89355039298408
86 14

37.0463338001739
51 49

36.99441326699151
40 60

34.903619713626604
32 68

22.1801468916614
14 86

36.392194382565116
10 90

37.70157571677898
38 62

23.79519567712115
15 85

Average: 34.20626508642671
