59.329730523063716
95 5

62.278200130589816
95 5

58.471994041276744
95 5

59.35010381855571
95 5

61.75957650814769
95 5

61.196736576687854
95 5

61.72211214373871
95 5

62.16714546555331
95 5

58.101060715537606
95 5

60.61553840678573
95 5

62.55784865386296
95 5

58.057806624520765
95 5

57.334951478338105
95 5

57.417389996650435
95 5

56.215937480906376
95 5

63.16140826653309
95 5

61.059923057369176
95 5

57.61168531914608
95 5

62.868750426779314
95 5

59.14950643818679
95 5

60.021370303611505
